$ 1 0.000005 10.20027730826997 52 5 43 5e-11
v 0 304 0 208 0 0 40 12 0 0 0.5
f 256 224 256 176 40 1.5 0.02
f 320 224 320 176 32 1.5 0.02
r 288 256 240 256 0 500000
r 288 256 336 256 0 500000
w 288 256 288 224 0
w 288 224 256 224 0
w 288 224 320 224 0
d 224 176 224 224 2 default
d 352 176 352 224 2 default
w 224 256 224 224 0
w 272 176 304 176 0
404 64 176 96 176 0 0.0613 6.73 0 false
f 48 208 48 176 41 1.5 0.02
f 240 304 288 304 32 1.5 0.02
w 288 288 288 256 0
w 288 320 288 336 0
w 224 176 240 176 0
w 224 256 240 256 0
w 224 176 192 176 0
w 352 176 336 176 0
w 352 256 352 224 0
w 352 256 336 256 0
w 208 304 240 304 0
415 736 320 816 320 0 0.5 1 2400 1 1 10 45 0
f 688 224 736 224 33 1.5 0.02
f 688 400 736 400 32 1.5 0.02
f 768 368 816 368 32 1.5 0.02
f 832 224 880 224 33 1.5 0.02
w 816 320 816 352 0
w 736 352 736 320 0
w 736 272 736 240 0
L 528 160 528 128 0 0 false 5 0
L 560 160 560 128 0 0 false 5 0
f 624 256 672 256 32 1.5 0.02
r 672 224 672 176 0 500000
r 816 224 816 176 0 500000
w 832 224 816 224 0
w 688 224 672 224 0
w 672 240 672 224 0
g 672 272 672 288 0 0
g 0 304 0 320 0 0
g 48 208 48 224 0 0
g 288 336 288 352 0 0
w 736 208 736 176 0
w 880 208 880 176 0
g 816 384 816 400 0 0
f 768 256 816 256 32 1.5 0.02
w 816 240 816 224 0
w 768 368 624 368 0
w 736 384 736 352 0
g 736 416 736 432 0 0
g 816 272 816 288 0 0
w 880 240 880 320 0
w 736 272 736 320 0
w 880 320 816 320 0
w 768 256 752 256 0
w 752 256 752 288 0
w 752 288 704 288 0
w 704 288 704 320 0
w 688 400 688 320 0
w 688 320 704 320 0
w 688 320 608 320 0
w 624 304 608 304 0
w 624 304 624 256 0
w 624 304 624 368 0
w 672 176 736 176 0
w 736 176 816 176 0
w 816 176 880 176 0
r 624 368 624 416 0 500000
g 624 416 624 432 0 0
r 544 416 544 368 0 500000
g 544 416 544 432 0 0
w 544 320 544 368 0
w 576 320 608 320 0
f 592 256 592 304 41 1.5 0.02
w 576 304 560 304 0
f 528 256 528 304 41 1.5 0.02
w 544 304 544 320 0
w 512 304 496 304 0
w 496 304 496 240 0
w 592 256 592 192 0
w 592 192 528 192 0
w 528 192 528 160 0
w 496 192 496 240 0
w 528 256 528 208 0
w 560 208 560 160 0
w 560 208 560 304 0
w 576 320 544 320 0
w 528 208 560 208 0
w 528 192 496 192 0
w 480 176 672 176 0
w 0 208 0 176 0
w 352 176 368 176 0
w 368 176 384 176 0
c 448 176 448 224 0 0.0005 10.156676243173589 0
g 448 224 448 240 0 0
L 128 160 128 128 0 0 false 5 0
r 192 448 192 384 0 500000
f 256 432 256 384 41 1.5 0.02
w 304 384 272 384 0
w 368 176 368 384 0
w 368 384 352 384 0
w 240 384 192 384 0
w 192 384 192 176 0
f 208 480 256 480 32 1.5 0.02
w 192 448 256 448 0
w 256 448 256 432 0
w 256 448 256 464 0
g 256 496 256 512 0 0
w 208 480 176 480 0
w 208 160 208 304 0
w 144 176 96 176 0
w 32 176 0 176 0
f 160 304 160 368 40 1.5 0.02
w 208 304 160 304 0
w 144 368 128 368 0
w 128 368 128 160 0
w 176 368 176 480 0
w 144 176 192 176 0
r 176 480 176 528 0 500000
g 176 528 176 544 0 0
L 208 160 208 128 0 0 false 5 0
r 304 384 352 384 0 100
403 384 112 496 160 0 95_64_0_4099_20_0.00009765625_-1_2_95_3
403 832 336 960 400 0 24_64_0_4099_0.0000762939453125_0.00009765625_-1_2_24_3
w 480 176 448 176 0
w 384 176 448 176 0
